time,x,y,z,phi,theta,psi,x_velocity,y_velocity,z_velocity,phi_velocity,theta_velocity,psi_velocity,rotor_speed1,rotor_speed2,rotor_speed3,rotor_speed4
0.06,-9.47354536254e-08,4.62676001341e-08,10.0013152557,6.01063905927e-05,0.000114749914009,0.0,-8.76845966743e-06,4.42518697126e-06,0.0438407262555,0.00293375122975,0.00548687753974,0.0,418.4743494917919,418.9515658401316,418.566391308541,418.82156169668
0.12000000000000001,-4.20087367017e-06,2.46974086372e-06,10.0066395301,0.000500084568281,0.000449128409107,0.0,-0.000161447818437,0.000108516203789,0.133628106138,0.0149319888369,0.00574462312783,0.0,433.8252698763139,433.84681219174723,432.9660828491002,433.97407733877947
0.18,-2.41536880508e-05,2.31195470039e-05,10.0170174299,0.00203092140077,0.000790399695924,0.0,-0.000537543724965,0.000705350212046,0.212289771907,0.0410090097512,0.00557407123019,0.0,430.0486332696651,430.03409310081526,429.0615377778163,431.2695074851398
0.23999999999999996,-7.54628825339e-05,0.000121230213481,10.0345648924,0.00419102680714,0.000862652346232,0.0,-0.00119736479639,0.00282408218097,0.372585594208,0.0234082744004,-0.00940632212465,0.0,455.4251755669727,454.22559831224913,457.2687292679226,455.86523326764524
0.3,-0.000163947883226,0.000386146956516,10.0606842379,0.00572169335828,0.000646177914541,0.0,-0.0017128948557,0.00616181613425,0.498011630869,0.0294155173607,0.00600916197258,0.0,443.49206560665004,444.75629075455095,445.75360380316977,446.24427877089454
0.36000000000000004,-0.000280723599794,0.000874811208454,10.0925750035,0.00747551271591,0.000641123335321,0.0,-0.00220096754439,0.0102976664847,0.564981596188,0.0288574011232,-0.0164905003332,0.0,427.95131413126643,426.03217233425636,426.1668148432444,426.11940857643634
0.4200000000000001,-0.000424881099591,0.00169359385035,10.1344906121,0.00970595530624,6.28310025445,0.0,-0.00249699838175,0.0172496732876,0.832047333533,0.0500584813,-0.00452167655965,0.0,486.96878623747335,487.86326147101107,486.61046525022016,488.19520761840425
0.48000000000000015,-0.000572242854009,0.00291032815517,10.1844457331,0.012950282565,6.28269731097,0.0,-0.00238596388856,0.0235819022075,0.833119555254,0.061083575312,-0.0115110314161,0.0,405.197640912341,404.5689984607195,404.6792330643933,405.672529059416
0.5400000000000001,-0.000702780747487,0.00460334185423,10.2371733606,0.01671029977,6.28168155433,0.0,-0.00188256227671,0.0332249753883,0.924392724231,0.0656579134988,-0.0308965100176,0.0,434.701716871136,433.07446008325405,435.6480683770098,436.0332542915173
0.6000000000000002,-0.000773977872538,0.00699274325857,10.297663053,0.0208946145811,6.27937038709,0.0,-0.000266543270811,0.0468751468352,1.09177623293,0.0768518065767,-0.0616320306019,0.0,460.1581759997959,457.7180373082841,458.0066489436362,458.8994628569647
0.6600000000000003,-0.00068471548341,0.0103241477915,10.369371616,0.0254113297455,6.27684231938,0.0,0.00358950828114,0.0647046343328,1.29828335852,0.0719323545091,-0.0185883281011,0.0,469.30232411292195,472.62979314023295,470.6913415886001,470.3146193728517
0.7200000000000003,-0.000313799915482,0.0148292180389,10.4533721939,0.0295622981788,6.27585481857,0.0,0.00889571838941,0.0859550019525,1.50147628981,0.0630257248647,-0.0125068011886,0.0,469.23581924739017,469.70774146431614,471.3557546885345,470.67032723292397
0.7800000000000004,0.000400272671373,0.0207187897867,10.549999098,0.0331532725429,6.27456956292,0.0,0.0150099099778,0.110795859633,1.7191033224,0.0525933305237,-0.0527243538337,0.0,477.0469080569628,473.96606851892636,474.97245867939023,474.1740306059103
0.8400000000000004,0.00152401895009,0.0281849350291,10.6597357123,0.0364387298769,6.27149750705,0.0,0.0228181330597,0.138449150789,1.93841955332,0.0587669844317,-0.048317015703,0.0,475.5646845290163,475.9006332030544,476.43474686970563,476.90827303220993
0.9000000000000005,0.00310177900403,0.0371244104633,10.7754339654,0.039937449513,6.26841585952,0.0,0.0300255638957,0.159829797228,1.91820689673,0.0573865316642,-0.058271650901,0.0,401.42392244649244,400.5175804181462,401.01876607181333,400.89612668354965
0.9600000000000005,0.0052073941719,0.0475136991201,10.8925706761,0.0430541403786,6.26481166062,0.0,0.0405050946879,0.186796244091,1.98621281584,0.0379027016491,-0.0639319522297,0.0,430.5392397564035,430.05740148163113,431.4912040719499,429.8450878783728
1.0200000000000005,0.00808965766879,0.0597499347412,11.0177392053,0.0452023992016,6.26067780705,0.0,0.0560259127935,0.22131963324,2.18568748891,0.0312384167389,-0.0813512847995,0.0,472.2922143904655,470.9434459940661,471.4311301836774,470.9164269365463
1.0800000000000005,0.012058507393,0.0742118694437,11.1571841305,0.0466614962657,6.25650932962,0.0,0.0768271355049,0.260938628823,2.46189486551,0.00453952091027,-0.0526137139909,0.0,492.8631188417237,494.97894420982897,495.7303775996216,493.76474464522255
1.1400000000000006,0.0172501180214,0.0908642307669,11.3085692275,0.0467282326564,6.2535753856,0.0,0.0965390027158,0.294144214167,2.58399233109,-0.00681768215332,-0.0423500003059,0.0,449.31163419994886,450.141469607304,450.7315258978312,449.812744329245
1.2000000000000006,0.0237340515808,0.109583309672,11.4689080932,0.0460129512453,6.25077964925,0.0,0.119880051373,0.329742606363,2.76021581243,-0.0248331182403,-0.0568312387595,0.0,468.7525910316918,467.6246945259789,466.6337707823052,465.22544229183666
1.2600000000000007,0.0316448748323,0.130359378832,11.6385669352,0.0443230744404,6.24701123469,0.0,0.144183213651,0.362605213612,2.89473738619,-0.0358351373075,-0.0787576753283,0.0,455.7395433761584,453.98066631385643,456.20653416508924,455.32700239265137
1.3200000000000007,0.0410770604003,0.153040789875,11.8156955955,0.0420040347584,6.24334817735,0.0,0.170635010961,0.393192835398,3.00924562466,-0.0449765465416,-0.0388934894793,0.0,447.83225861068837,451.0599448932367,450.64476868724057,449.90450228624604
1.3800000000000008,0.0521648851122,0.177508094744,11.9997092013,0.0404313333346,6.2420975812,0.0,0.199118773339,0.422159932952,3.12423003996,-0.00321832211732,0.00159357681196,0.0,449.7585620462312,453.0256163178685,448.2043576979523,451.5849875086308
1.4400000000000008,0.0651256182148,0.203831616237,12.1941724346,0.0406537271439,6.2426493204,0.0,0.232834320927,0.455266243835,3.35721598665,0.0148397027714,0.0211975320447,0.0,485.622845788848,487.0910391730713,485.9153640883851,487.2671745832027
1.5000000000000009,0.0798380367587,0.23189606697,12.3963637487,0.0420400115791,6.24433240179,0.0,0.257438270368,0.480316637744,3.38241460045,0.0359275365895,0.0390895027483,0.0,423.1214389330315,424.65928401396354,423.3551996662548,425.1659456303828
1.560000000000001,0.0959450403461,0.261441052295,12.5988530495,0.044436771152,6.24709032313,0.0,0.279242342488,0.504710098875,3.36726709631,0.0469656268738,0.0570308709869,0.0,410.09819211505555,411.690205476021,410.10601891329367,411.0862807846101
1.620000000000001,0.113390489704,0.292595843311,12.8027261116,0.0475665479599,6.25082422677,0.0,0.301917510312,0.534060333328,3.42831113294,0.0609292897003,0.0710024613023,0.0,435.83948584914225,437.0085133652896,434.63881879782986,435.8093689188101
1.680000000000001,0.1321514371,0.325622847991,13.0112507469,0.0512965999244,6.25531582615,0.0,0.322991630595,0.567197327452,3.52221125901,0.0645345934899,0.0816298248941,0.0,446.2932288523428,447.16415657513306,446.41744999753575,446.714308716693
1.740000000000001,0.152098403166,0.360746376122,13.22601452,0.0550555640611,6.25995013712,0.0,0.341395751111,0.603963222263,3.63620736045,0.0585859732126,0.0665724318339,0.0,454.20197165051815,452.99725034607116,453.6842833765019,453.2091353148365
1.8000000000000012,0.173022391799,0.398073544116,13.446186324,0.0583947081597,6.26386300484,0.0,0.355678293842,0.640593709568,3.70261988636,0.049026247773,0.062351423228,0.0,439.66599434910984,439.3193059922167,439.7248837233115,438.9343139782612
1.8600000000000012,0.194840334559,0.438021141974,13.6764340629,0.0609175857242,6.26759027782,0.0,0.371091889854,0.691290033563,3.97138256591,0.0220166601488,0.0616569935793,0.0,499.8716605339832,499.8233598604985,501.45138258201075,499.48608822380254
1.9200000000000013,0.217423144181,0.480806996319,13.9185572849,0.0625113175022,6.27107011753,0.0,0.381275972548,0.735027727607,4.09892823146,0.0343786493442,0.0494369985006,0.0,461.00137490561144,460.0368869671303,460.68402714576627,461.6606564373072
1.9800000000000013,0.240509525437,0.526065093849,14.1653480371,0.0645967920426,6.2742441318,0.0,0.387984314704,0.773752780558,4.12730991908,0.0355056792568,0.0590536308492,0.0,430.7478218912233,431.5622798972105,430.1594088630278,430.2554009265287
2.0400000000000014,0.263938237121,0.573692856717,14.4139707786,0.0664568017499,6.27783587633,0.0,0.392639850347,0.81401053374,4.15997762683,0.0199830385655,0.0614321206084,0.0,431.961499809716,432.164685213459,433.2596973763675,431.95286717401564
2.1000000000000014,0.287563218641,0.623556295445,14.6614070587,0.0672884850134,6.28179434317,0.0,0.394563540045,0.848194813959,4.08815126237,-0.00265054068467,0.0737836643926,0.0,397.1398230748417,398.2750018009702,398.0248717290248,395.9477517104387
2.1600000000000015,0.311242848451,0.675872827205,14.910382545,0.0676536590204,0.00321703309652,0.0,0.394276920536,0.895665292029,4.21057961446,0.0194793960623,0.0822341312795,0.0,459.624844624516,460.2985611239733,459.67504460948714,461.425470470598
2.2200000000000015,0.3348159193,0.730850482558,15.1637659312,0.0701400597633,0.00860045261718,0.0,0.391016611846,0.937091621123,4.23541922786,0.0667406676731,0.101576097089,0.0,429.5127300246408,431.15700494765065,428.72052311091284,432.71866853457686
2.2800000000000016,0.358069060271,0.788517888871,15.4207733346,0.0744420066317,0.0143222796403,0.0,0.383483655657,0.985544600945,4.33108422295,0.0801195659264,0.0785211400464,0.0,454.65720467541803,452.8134515471387,452.2562852395674,453.33649692908654
2.3400000000000016,0.380786072038,0.849037859707,15.681600474,0.0790570904628,0.0191799455296,0.0,0.373308722476,1.0322043603,4.36297420619,0.069596398114,0.0854392765155,0.0,434.04723472020737,434.63294040859984,434.0767529920999,433.19749164525723
2.4000000000000017,0.402755124471,0.912618668898,15.9465637891,0.0836248949893,0.0239341982957,0.0,0.358485828468,1.0875651048,4.46865846273,0.0867412841964,0.0624322094571,0.0,459.45500840070116,457.63179569294573,455.96765895932003,457.33973249168395
2.4600000000000017,0.423719130987,0.979691002937,16.2187168582,0.0888445716864,0.0277847836536,0.0,0.339919903121,1.14868095398,4.6024901449,0.087496176283,0.0674531769666,0.0,467.75455090977545,468.1482168218076,466.30440573903616,466.36924867288246
2.520000000000002,0.443507983354,1.05046712317,16.4980554231,0.093632458249,0.0314363267606,0.0,0.319318888874,1.21099599991,4.70827076606,0.056308868052,0.0424814004012,0.0,460.4897958451317,458.512319864652,461.55852291947156,459.094885515458
2.580000000000002,0.462117338798,1.12469784221,16.7797619539,0.0975467690451,0.0335277294601,0.0,0.300791085742,1.26366401264,4.6819911289,0.0788546629372,0.0117319951276,0.0,419.9010204970266,417.22510425743127,417.9380342248434,419.90205241000416
2.640000000000002,0.479410936184,1.20266656713,17.0650564519,0.10215420698,0.0342042616924,0.0,0.275611975516,1.33572503386,4.82711970705,0.0723079672231,0.0103466300832,0.0,472.692548711576,472.585632814887,473.1747283185269,472.6746822975389
2.700000000000002,0.495286512556,1.28473707853,17.3559553135,0.106026735685,0.0344552674771,0.0,0.253539842157,1.4003132952,4.86924225872,0.0406885972719,-0.0124895852797,0.0,443.23779566414925,441.3567579881623,444.0939673194632,441.4952558697864
2.760000000000002,0.509798148367,1.37087238448,17.6505462551,0.109076704275,0.033460733559,0.0,0.230284517615,1.47108174809,4.95003246218,0.0658427397171,-0.0263473025678,0.0,456.2169579207723,455.1090650849175,453.77122267223245,455.7877600952167
2.820000000000002,0.522878761842,1.46151295942,17.951757147,0.113223000383,0.0313749402304,0.0,0.205950056441,1.5506176648,5.08961034091,0.0749369873091,-0.0624522576049,0.0,475.5335046812034,472.7586369617744,473.3927912220482,474.09542068863726
2.880000000000002,0.534624131182,1.55676028859,18.2591088741,0.117443921246,0.0274542083103,0.0,0.185951883672,1.62466045322,5.15504853831,0.0590830688404,-0.071867773242,0.0,452.79290229972634,452.0315769448763,453.9434390300327,452.67286825395604
2.940000000000002,0.545201890648,1.65674068636,18.5721781045,0.121729093636,0.023087981041,0.0,0.167123822103,1.70834594196,5.27990694693,0.0887485732969,-0.0746387871066,0.0,471.8599997724427,471.6422337886531,470.7208229032977,473.0146019078896
3.000000000000002,0.554763686275,1.7617391378,18.8919336164,0.127624161459,0.0184049040789,0.0,0.152087288806,1.79209428817,5.37800280049,0.112530821323,-0.0859351356562,0.0,465.0084276790001,464.117912466109,464.835354762701,466.70315731075397
3.0600000000000023,0.563590895967,1.87139014539,19.2137378192,0.13405854577,0.0136097487409,0.0,0.142569703118,1.86347969805,5.34879632063,0.0937193910865,-0.0700080844109,0.0,424.8318620228052,426.1900177312612,427.4874500869882,425.89163181930576
3.1200000000000023,0.571932214154,1.98536248441,19.5333156295,0.139268709519,0.00925340478911,0.0,0.135822391675,1.93603639776,5.30387750871,0.0672367426673,-0.0783823079891,0.0,420.9744189347876,420.24458938627527,422.24810609758504,419.9632474513589
3.1800000000000024,0.579912965238,2.10424913065,19.853634173,0.143232706082,0.00407836141499,0.0,0.130685395122,2.02715534461,5.37294279609,0.0636184300112,-0.11064831998,0.0,458.9523837250989,456.37736622000875,457.3013998061583,457.01614339531017
3.2400000000000024,0.587688162414,2.22905833776,20.1807289702,0.147573702856,6.28108726913,0.0,0.129202357588,2.13345108953,5.52929254453,0.0857305681225,-0.0908129588062,0.0,483.96336094852524,485.44579362493306,483.6787632017797,485.34490355971786
3.3000000000000025,0.595508623221,2.36027228877,20.5167299188,0.152420699039,6.27540902897,0.0,0.132083664429,2.24073708881,5.66984095268,0.0683899531717,-0.103653733093,0.0,482.79663611716205,481.81974410701065,482.006994386963,480.699132412509
3.3600000000000025,0.603596672324,2.49745228727,20.8574708567,0.157328063196,6.27004273619,0.0,0.138034991306,2.3322777321,5.68792846735,0.100162780549,-0.0702961529376,0.0,445.20944731892143,447.923733227377,444.52570137160893,447.1273101966044
3.4200000000000026,0.612123958558,2.64008713598,21.1984932679,0.163646497344,6.26556342924,0.0,0.146583661111,2.42270485292,5.67932387794,0.113994165031,-0.0852243964873,0.0,438.8039045530437,437.558076184261,437.6943736638341,438.8539647110324
3.4800000000000026,0.621249232823,2.78828257872,21.5391559111,0.170247441193,6.26048427495,0.0,0.15803767248,2.51767487729,5.67588184724,0.100563599869,-0.0835334932913,0.0,440.20475017247696,440.33873094934415,440.83473187122996,439.73404758531706
3.5400000000000027,0.631170020196,2.94241341266,21.8803486439,0.175833281054,6.25533080686,0.0,0.173114239691,2.62046826114,5.69686597526,0.0707934211183,-0.0910772772218,0.0,449.83659265132223,449.21915531114007,448.79922725529036,446.3828025701818
3.6000000000000028,0.642103866141,3.10286781059,22.223167983,0.180046774365,6.24972268103,0.0,0.191855076619,2.72829620374,5.73006118497,0.069063496253,-0.0987368737117,0.0,453.0048791716451,452.38116267301365,453.6025416738836,453.4672222298058
3.660000000000003,0.654426009367,3.27067244959,22.5724094845,0.184170025035,6.24336173634,0.0,0.219545069853,2.8654020884,5.91010374291,0.0680269404053,-0.127406602543,0.0,499.4067518699247,497.3018068376953,497.6434527071135,497.5705737606009
3.720000000000003,0.668402630766,3.44605767446,22.9285341643,0.188338549388,6.23531256771,0.0,0.247072488486,2.98102197835,5.9601965048,0.0722240772197,-0.153147847598,0.0,462.77253252207214,460.72502269433824,461.5176050601189,461.85229004104616
3.780000000000003,0.684291278219,3.62882063872,23.2895874987,0.192973496226,6.22572302426,0.0,0.283494084514,3.11132438118,6.07397948342,0.0857657694496,-0.178525789832,0.0,483.46716344901944,481.5281963014421,481.23891830178303,482.2672258347959
3.840000000000003,0.702303704195,3.81860415756,23.6529351714,0.197996556209,6.21477751566,0.0,0.317820337274,3.21514754128,6.03751676144,0.0792729778726,-0.19164459143,0.0,437.43722438014447,436.31005720928215,437.8836896293711,437.3489270228699
3.900000000000003,0.723039376161,4.0160225811,24.020704728,0.203185582814,6.20384362714,0.0,0.374574350047,3.36570491433,6.220022875,0.0979806745821,-0.1680633531,0.0,503.6021310870766,505.27696294739894,503.45189737512106,504.8090061795011
3.960000000000003,0.747182981194,4.22196188067,24.3963851481,0.209249438802,6.19416401051,0.0,0.431148677905,3.49930792569,6.30175813923,0.106606771808,-0.150454014989,0.0,477.21591008742615,478.53546906094886,477.0235288072793,477.68995640125354
4.020000000000002,0.774426251276,4.43490189452,24.7716697939,0.215320610096,6.18566629364,0.0,0.477641899995,3.59914613561,6.20791243115,0.0872248983289,-0.128143436462,0.0,423.2655476754716,425.1616971304394,423.20843867529476,421.5456747164452
4.080000000000001,0.804819653634,4.65441318973,25.143618469,0.220570475129,6.17849343486,0.0,0.536095745118,3.71822262691,6.19009638467,0.088037580268,-0.106334085953,0.0,447.43832694087433,449.19775510086316,447.880607148503,447.9529926777657
4.14,0.838849607006,4.88115754109,25.5145399009,0.226342983129,6.17230647867,0.0,0.598762406447,3.84026709055,6.17364057008,0.108909475976,-0.097356258167,0.0,450.19857227665466,450.91546778974043,446.9323553787515,448.638328220004
4.199999999999998,0.877215790311,5.11625031235,25.8885076061,0.232486675886,6.16615630868,0.0,0.680632545813,3.99649909316,6.29073318061,0.0843539389579,-0.115542070233,0.0,492.66392222927044,491.30894485634906,491.1581133290776,489.3409297976074
4.259999999999997,0.920622101326,5.36080258773,26.2693812356,0.237640451736,6.15951906201,0.0,0.766842256296,4.15542475476,6.40385808942,0.0888132328325,-0.102256872535,0.0,490.7470342707371,491.72275458969744,493.24754261723876,493.582097122928
4.319999999999996,0.968994310032,5.614323534,26.6543152809,0.242671121994,6.15362794891,0.0,0.846061864933,4.2955198591,6.42664742978,0.0713826149208,-0.0910873689263,0.0,466.5645359964649,467.4281842317645,468.270295463504,466.9173015839337
4.379999999999995,1.02201947025,5.87593222898,27.0390408279,0.246427958749,6.14820528948,0.0,0.921888038457,4.42495741056,6.3972818412,0.0324681480533,-0.0889956831442,0.0,451.2729056778825,451.43506287601184,454.2094104190389,451.0792841705605
4.439999999999993,1.07985561898,6.14563669229,27.4231771825,0.248155944466,6.14277117232,0.0,1.00642209722,4.5651167825,6.40682336032,0.0202125985587,-0.0939137234992,0.0,464.97976853285496,464.5877291291493,465.4734159323196,464.51326503427254
4.499999999999992,1.14230791185,6.42278715658,27.8040803153,0.249067835407,6.13724702251,0.0,1.07578789287,4.67326727839,6.29036079466,0.00257838356421,-0.0886164599659,0.0,424.3842376426678,424.8312448131769,424.6912551618667,423.17546521500464
4.559999999999991,1.20940234423,6.70707217156,28.1806142871,0.249379219713,6.1317731462,0.0,1.16113508498,4.8027230448,6.26063854608,0.00995878380631,-0.0970494879466,0.0,452.6312768576319,451.94502904582674,452.1550954331883,452.749371542566
4.6199999999999894,1.28264904259,7.00060356791,28.5612714844,0.250341766191,6.12707281454,0.0,1.28078589883,4.98121459734,6.42647190179,0.026051336549,-0.0553946508447,0.0,511.30121812774854,514.2562417739848,511.11672781021207,512.2624953880367
4.679999999999988,1.36196822716,7.30294137669,28.9444691101,0.251680084811,6.1242069913,0.0,1.36345123183,5.0967085313,6.3469492088,0.0135016384762,-0.0357291039403,0.0,439.445137956775,441.07123945555855,439.08295380248154,438.04028370090947
4.739999999999987,1.44699247905,7.61328644649,29.3271358027,0.251893973254,6.1216441194,0.0,1.4707891236,5.24783757417,6.40786396528,-0.0417358962717,-0.0627762620227,0.0,484.8569129403428,482.8190409775974,485.8547471543297,481.6943945010517
4.799999999999986,1.5376325537,7.93131386439,29.7082484052,0.250055123233,6.11753291678,0.0,1.55090275226,5.35283805925,6.29640355411,-0.0146072916441,-0.0836211999501,0.0,430.51797765201843,428.74612123244117,428.5972602140682,430.89702062594745
4.859999999999984,1.63365391311,8.25633059354,30.085630687,0.249629625117,6.11238745495,0.0,1.65020707779,5.48073830722,6.28277741666,0.0048009946666,-0.090411955214,0.0,461.77209221826985,461.23015626278305,459.7765811562427,461.3122206069665
4.919999999999983,1.73517787266,8.58819801022,30.459140623,0.24991802896,6.10712885584,0.0,1.73437625232,5.58143973184,6.16796224119,0.0048182009498,-0.082616092727,0.0,427.0855366737163,427.74342847075206,428.63164385424534,428.63302007447163
4.979999999999982,1.84276351546,8.92736958293,30.830842587,0.249708208375,6.10237037571,0.0,1.85214492623,5.72390712265,6.22137587965,-0.0305558301684,-0.073402913968,0.0,480.71457361624516,481.4078502807681,483.73689043945757,481.06506195144766
5.0399999999999805,1.95669851334,9.2739496313,31.201491205,0.248167853885,6.09797809016,0.0,1.94606271711,5.82848289917,6.13389158576,-0.0173586575011,-0.0728115833946,0.0,437.4953634009619,437.54036042423536,437.76147619826264,438.8584479687862
